delta_x	delta_ca	T0_V	T0_Ca	T0_method	T_encoding	gamma_encoding	T_scs	gamma_scs	status
-2.000000	1.261261	-67.358990	0.844489	continued:5	37382954118278832773895244218236686338908646550437400502358118064530753024550062640906067170928616739335301863382037085201145976272239453658981262846128190508219395966448887917209180943430756816343660564752246587817144249698118611074911061187626140754429306578884898095116510555810942627764467245810598277119141113742608011841983463944410469867424643313675310062597234983157066538572943899435	59	0,0,0,0,0,0,0,0,0,0,0,0	-4,0,0	ok
-1.995996	1.261261	-67.358584	0.843653	continued:5	37382954118278832773895244218236686338908646550437400502358118064530753024550062640906067170928616739335301863382037085201145976272239453658981262846128190508219395966448887917209180943430756816343660564752246587817144249698118611074911061187626140754429306578884898095116510555810942627764467245810598277119141113742608011841983463944410469867424643313675310062597234983157066538572943899435	59	0,0,0,0,0,0,0,0,0,0,0,0	-4,0,0	ok
-1.991992	1.261261	-67.357878	0.842610	continued:5	37382954118278832773895244218236686338908646550437400502358118064530753024550062640906067170928616739335301863382037085201145976272239453658981262846128190508219395966448887917209180943430756816343660564752246587817144249698118611074911061187626140754429306578884898095116510555810942627764467245810598277119141113742608011841983463944410469867424643313675310062597234983157066538572943899435	59	0,0,0,0,0,0,0,0,0,0,0,0	-4,0,0	ok
-1.987988	1.261261	-67.357452	0.841774	continued:5	37382954118278832773895244218236686338908646550437400502358118064530753024550062640906067170928616739335301863382037085201145976272239453658981262846128190508219395966448887917209180943430756816343660564752246587817144249698118611074911061187626140754429306578884898095116510555810942627764467245810598277119141113742608011841983463944410469867424643313675310062597234983157066538572943899435	59	0,0,0,0,0,0,0,0,0,0,0,0	-4,0,0	ok
-1.983984	1.261261	-67.356708	0.840732	continued:5	37382954118278832773895244218236686338908646550437400502358118064530753024550062640906067170928616739335301863382037085201145976272239453658981262846128190508219395966448887917209180943430756816343660564752246587817144249698118611074911061187626140754429306578884898095116510555810942627764467245810598277119141113742608011841983463944410469867424643313675310062597234983157066538572943899435	59	0,0,0,0,0,0,0,0,0,0,0,0	-4,0,0	ok
-1.979980	1.261261	-67.356198	0.839817	continued:5	37382954118278832773895244218236686338908646550437400502358118064530753024550062640906067170928616739335301863382037085201145976272239453658981262846128190508219395966448887917209180943430756816343660564752246587817144249698118611074911061187626140754429306578884898095116510555810942627764467245810598277119141113742608011841983463944410469867424643313675310062597234983157066538572943899435	59	0,0,0,0,0,0,0,0,0,0,0,0	-4,0,0	ok
-1.975976	1.261261	-67.355662	0.838902	continued:5	37382954118278832773895244218236686338908646550437400502358118064530753024550062640906067170928616739335301863382037085201145976272239453658981262846128190508219395966448887917209180943430756816343660564752246587817144249698118611074911061187626140754429306578884898095116510555810942627764467245810598277119141113742608011841983463944410469867424643313675310062597234983157066538572943899435	59	0,0,0,0,0,0,0,0,0,0,0,0	-4,0,0	ok
-1.971972	1.261261	-67.355061	0.837987	continued:5	37382954118278832773895244218236686338908646550437400502358118064530753024550062640906067170928616739335301863382037085201145976272239453658981262846128190508219395966448887917209180943430756816343660564752246587817144249698118611074911061187626140754429306578884898095116510555810942627764467245810598277119141113742608011841983463944410469867424643313675310062597234983157066538572943899435	59	0,0,0,0,0,0,0,0,0,0,0,0	-4,0,0	ok
-1.967968	1.261261	-67.354293	0.836945	continued:5	37382954118278832773895244218236686338908646550437400502358118064530753024550062640906067170928616739335301863382037085201145976272239453658981262846128190508219395966448887917209180943430756816343660564752246587817144249698118611074911061187626140754429306578884898095116510555810942627764467245810598277119141113742608011841983463944410469867424643313675310062597234983157066538572943899435	59	0,0,0,0,0,0,0,0,0,0,0,0	-4,0,0	ok
-1.963964	1.261261	-67.353763	0.836030	continued:5	37382954118278832773895244218236686338908646550437400502358118064530753024550062640906067170928616739335301863382037085201145976272239453658981262846128190508219395966448887917209180943430756816343660564752246587817144249698118611074911061187626140754429306578884898095116510555810942627764467245810598277119141113742608011841983463944410469867424643313675310062597234983157066538572943899435	1830	0,0,0,0,0,0,0,0,0,0,0,0	0,-4,0,0	ok
-1.959960	1.261261	-67.353204	0.835115	continued:5	37382954118278832773895244218236686338908646550437400502358118064530753024550062640906067170928616739335301863382037085201145976272239453658981262846128190508219395966448887917209180943430756816343660564752246587817144249698118611074911061187626140754429306578884898095116510555810942627764467245810598277119141113742608011841983463944410469867424643313675310062597234983157066538572943899435	59	0,0,0,0,0,0,0,0,0,0,0,0	-4,0,0	ok
-1.955956	1.261261	-67.352579	0.834200	continued:5	37382954118278832773895244218236686338908646550437400502358118064530753024550062640906067170928616739335301863382037085201145976272239453658981262846128190508219395966448887917209180943430756816343660564752246587817144249698118611074911061187626140754429306578884898095116510555810942627764467245810598277119141113742608011841983463944410469867424643313675310062597234983157066538572943899435	59	0,0,0,0,0,0,0,0,0,0,0,0	-4,0,0	ok
-1.951952	1.261261	-67.351781	0.833158	continued:5	37382954118278832773895244218236686338908646550437400502358118064530753024550062640906067170928616739335301863382037085201145976272239453658981262846128190508219395966448887917209180943430756816343660564752246587817144249698118611074911061187626140754429306578884898095116510555810942627764467245810598277119141113742608011841983463944410469867424643313675310062597234983157066538572943899435	59	0,0,0,0,0,0,0,0,0,0,0,0	-4,0,0	ok
-1.947948	1.261261	-67.351211	0.832243	continued:5	37382954118278832773895244218236686338908646550437400502358118064530753024550062640906067170928616739335301863382037085201145976272239453658981262846128190508219395966448887917209180943430756816343660564752246587817144249698118611074911061187626140754429306578884898095116510555810942627764467245810598277119141113742608011841983463944410469867424643313675310062597234983157066538572943899435	59	0,0,0,0,0,0,0,0,0,0,0,0	-4,0,0	ok
-1.943944	1.261261	-67.350581	0.831328	continued:5	37382954118278832773895244218236686338908646550437400502358118064530753024550062640906067170928616739335301863382037085201145976272239453658981262846128190508219395966448887917209180943430756816343660564752246587817144249698118611074911061187626140754429306578884898095116510555810942627764467245810598277119141113742608011841983463944410469867424643313675310062597234983157066538572943899435	59	0,0,0,0,0,0,0,0,0,0,0,0	-4,0,0	ok
-1.939940	1.261261	-67.349799	0.830285	continued:5	37382954118278832773895244218236686338908646550437400502358118064530753024550062640906067170928616739335301863382037085201145976272239453658981262846128190508219395966448887917209180943430756816343660564752246587817144249698118611074911061187626140754429306578884898095116510555810942627764467245810598277119141113742608011841983463944410469867424643313675310062597234983157066538572943899435	59	0,0,0,0,0,0,0,0,0,0,0,0	-4,0,0	ok
-1.935936	1.261261	-67.349302	0.829449	continued:5	37382954118278832773895244218236686338908646550437400502358118064530753024550062640906067170928616739335301863382037085201145976272239453658981262846128190508219395966448887917209180943430756816343660564752246587817144249698118611074911061187626140754429306578884898095116510555810942627764467245810598277119141113742608011841983463944410469867424643313675310062597234983157066538572943899435	59	0,0,0,0,0,0,0,0,0,0,0,0	-4,0,0	ok
-1.931932	1.261261	-67.348474	0.828407	continued:5	37382954118278832773895244218236686338908646550437400502358118064530753024550062640906067170928616739335301863382037085201145976272239453658981262846128190508219395966448887917209180943430756816343660564752246587817144249698118611074911061187626140754429306578884898095116510555810942627764467245810598277119141113742608011841983463944410469867424643313675310062597234983157066538572943899435	59	0,0,0,0,0,0,0,0,0,0,0,0	-4,0,0	ok
-1.927928	1.261261	-67.347871	0.827492	continued:5	37382954118278832773895244218236686338908646550437400502358118064530753024550062640906067170928616739335301863382037085201145976272239453658981262846128190508219395966448887917209180943430756816343660564752246587817144249698118611074911061187626140754429306578884898095116510555810942627764467245810598277119141113742608011841983463944410469867424643313675310062597234983157066538572943899435	59	0,0,0,0,0,0,0,0,0,0,0,0	-4,0,0	ok
-1.923924	1.261261	-67.347201	0.826577	continued:5	37382954118278832773895244218236686338908646550437400502358118064530753024550062640906067170928616739335301863382037085201145976272239453658981262846128190508219395966448887917209180943430756816343660564752246587817144249698118611074911061187626140754429306578884898095116510555810942627764467245810598277119141113742608011841983463944410469867424643313675310062597234983157066538572943899435	59	0,0,0,0,0,0,0,0,0,0,0,0	-4,0,0	ok
-1.919920	1.261261	-67.346354	0.825535	continued:5	37382954118278832773895244218236686338908646550437400502358118064530753024550062640906067170928616739335301863382037085201145976272239453658981262846128190508219395966448887917209180943430756816343660564752246587817144249698118611074911061187626140754429306578884898095116510555810942627764467245810598277119141113742608011841983463944410469867424643313675310062597234983157066538572943899435	59	0,0,0,0,0,0,0,0,0,0,0,0	-4,0,0	ok
-1.915916	1.261261	-67.345735	0.824620	continued:5	37382954118278832773895244218236686338908646550437400502358118064530753024550062640906067170928616739335301863382037085201145976272239453658981262846128190508219395966448887917209180943430756816343660564752246587817144249698118611074911061187626140754429306578884898095116510555810942627764467245810598277119141113742608011841983463944410469867424643313675310062597234983157066538572943899435	59	0,0,0,0,0,0,0,0,0,0,0,0	-4,0,0	ok
-1.911912	1.261261	-67.345047	0.823705	continued:5	37382954118278832773895244218236686338908646550437400502358118064530753024550062640906067170928616739335301863382037085201145976272239453658981262846128190508219395966448887917209180943430756816343660564752246587817144249698118611074911061187626140754429306578884898095116510555810942627764467245810598277119141113742608011841983463944410469867424643313675310062597234983157066538572943899435	59	0,0,0,0,0,0,0,0,0,0,0,0	-4,0,0	ok
-1.907908	1.261261	-67.344182	0.822662	continued:5	37382954118278832773895244218236686338908646550437400502358118064530753024550062640906067170928616739335301863382037085201145976272239453658981262846128190508219395966448887917209180943430756816343660564752246587817144249698118611074911061187626140754429306578884898095116510555810942627764467245810598277119141113742608011841983463944410469867424643313675310062597234983157066538572943899435	59	0,0,0,0,0,0,0,0,0,0,0,0	-4,0,0	ok
-1.903904	1.261261	-67.343544	0.821413	continued:5	37382954118278832773895244218236686338908646550437400502358118064530753024550062640906067170928616739335301863382037085201145976272239453658981262846128190508219395966448887917209180943430756816343660564752246587817144249698118611074911061187626140754429306578884898095116510555810942627764467245810598277119141113742608011841983463944410469867424643313675310062597234983157066538572943899435	59	0,0,0,0,0,0,0,0,0,0,0,0	-4,0,0	ok
-1.899900	1.261261	-67.344676	0.821039	continued:5	37382954118278832773895244218236686338908646550437400502358118064530753024550062640906067170928616739335301863382037085201145976272239453658981262846128190508219395966448887917209180943430756816343660564752246587817144249698118611074911061187626140754429306578884898095116510555810942627764467245810598277119141113742608011841983463944410469867424643313675310062597234983157066538572943899435	59	0,0,0,0,0,0,0,0,0,0,0,0	-4,0,0	ok
-1.895896	1.261261	-67.345822	0.823833	continued:5	37382954118278832773895244218236686338908646550437400502358118064530753024550062640906067170928616739335301863382037085201145976272239453658981262846128190508219395966448887917209180943430756816343660564752246587817144249698118611074911061187626140754429306578884898095116510555810942627764467245810598277119141113742608011841983463944410469867424643313675310062597234983157066538572943899435	59	0,0,0,0,0,0,0,0,0,0,0,0	-4,0,0	ok
-1.891892	1.261261	-67.329578	0.826626	continued:5	37382954118278832773895244218236686338908646550437400502358118064530753024550062640906067170928616739335301863382037085201145976272239453658981262846128190508219395966448887917209180943430756816343660564752246587817144249698118611074911061187626140754429306578884898095116510555810942627764467245810598277119141113742608011841983463944410469867424643313675310062597234983157066538572943899435	59	0,0,0,0,0,0,0,0,0,0,0,0	-4,0,0	ok
-1.887888	1.261261	-67.266175	0.829419	continued:5	37382954118278832773895244218236686338908646550437400502358118064530753024550062640906067170928616739335301863382037085201145976272239453658981262846128190508219395966448887917209180943430756816343660564752246587817144249698118611074911061187626140754429306578884898095116510555810942627764467245810598277119141113742608011841983463944410469867424643313675310062597234983157066538572943899435	59	0,0,0,0,0,0,0,0,0,0,0,0	-4,0,0	ok
-1.883884	1.261261	-67.077098	0.829459	continued:5	37382954118278832773895244218236686338908646550437400502358118064530753024550062640906067170928616739335301863382037085201145976272239453658981262846128190508219395966448887917209180943430756816343660564752246587817144249698118611074911061187626140754429306578884898095116510555810942627764467245810598277119141113742608011841983463944410469867424643313675310062597234983157066538572943899435	109	0,0,0,0,0,0,0,0,0,0,0,0	-6,0,0	ok
-1.879880	1.261261	-66.584791	0.828623	continued:5	37382954118278832773895244218236686338908646550437400502358118064530753024550062640906067170928616739335301863382037085201145976272239453658981262846128190508219395966448887917209180943430756816343660564752246587817144249698118611074911061187626140754429306578884898095116510555810942627764467245810598277119141113742608011841983463944410469867424643313675310062597234983157066538572943899435	109	0,0,0,0,0,0,0,0,0,0,0,0	-6,0,0	ok
-1.875876	1.261261	-65.425480	0.828249	continued:5	37382954118278832773895244218236686338908646550437400502358118064530753024550062640906067170928616739335301863382037085201145976272239453658981262846128190508219395966448887917209180943430756816343660564752246587817144249698118611074911061187626140754429306578884898095116510555810942627764467245810598277119141113742608011841983463944410469867424643313675310062597234983157066538572943899435	59	0,0,0,0,0,0,0,0,0,0,0,0	-4,0,0	ok
-1.871872	1.261261	-63.141436	0.829498	continued:5	37382954118278832773895244218236686338908646550437400502358118064530753024550062640906067170928616739335301863382037085201145976272239453658981262846128190508219395966448887917209180943430756816343660564752246587817144249698118611074911061187626140754429306578884898095116510555810942627764467245810598277119141113742608011841983463944410469867424643313675310062597234983157066538572943899435	59	0,0,0,0,0,0,0,0,0,0,0,0	-4,0,0	ok
-1.867868	1.261261	-59.648474	0.832291	continued:5	37382954118278832773895244218236686338908646550437400502358118064530753024550062640906067170928616739335301863382037085201145976272239453658981262846128190508219395966448887917209180943430756816343660564752246587817144249698118611074911061187626140754429306578884898095116510555810942627764467245810598277119141113742608011841983463944410469867424643313675310062597234983157066538572943899435	38	0,0,0,0,0,0,0,0,0,0,0,0	-4,0	ok
-1.863864	1.261261	-55.407763	0.835085	continued:5	37382954118278832773895244218236686338908646550437400502358118064530753024550062640906067170928616739335301863382037085201145976272239453658981262846128190508219395966448887917209180943430756816343660564752246587817144249698118611074911061187626140754429306578884898095116510555810942627764467245810598277119141113742608011841983463944410469867424643313675310062597234983157066538572943899435	38	0,0,0,0,0,0,0,0,0,0,0,0	-4,0	ok
-1.859860	1.261261	-51.508110	0.837878	full	37382954118278832773895244218236686338908646550437400502358118064530753024550062640906067170928616739335301863382037085201145976272239453658981262846128190508219395966448887917209180943430756816378247477476352546227585875846751885758624552334574239318950822856461782649075535715588127951176901004796232055640635749217903642007798567383387780560386553025249135846588685154852759053694241800057	40	2,0,0,0,0,0,0,0,0,0,0,0	-3,0,0	ok
-1.855856	1.261261								error: Could not locate the first local maximum of the reduced return map.
-1.851852	1.261261								error: Could not locate the first local maximum of the reduced return map.
-1.847848	1.261261								error: Could not locate the first local maximum of the reduced return map.
-1.843844	1.261261								error: Could not locate the first local maximum of the reduced return map.
-1.839840	1.261261								error: Could not locate the first local maximum of the reduced return map.
-1.835836	1.261261								error: Could not locate the first local maximum of the reduced return map.
-1.831832	1.261261								error: Could not locate the first local maximum of the reduced return map.
-1.827828	1.261261								error: Could not locate the first local maximum of the reduced return map.
-1.823824	1.261261								error: Could not locate the first local maximum of the reduced return map.
-1.819820	1.261261								error: Could not locate the first local maximum of the reduced return map.
-1.815816	1.261261								error: Could not locate the first local maximum of the reduced return map.
-1.811812	1.261261								error: Could not locate the first local maximum of the reduced return map.
-1.807808	1.261261								error: Could not locate the first local maximum of the reduced return map.
-1.803804	1.261261								error: Could not locate the first local maximum of the reduced return map.
-1.799800	1.261261								error: Could not locate the first local maximum of the reduced return map.
-1.795796	1.261261								error: Could not locate the first local maximum of the reduced return map.
-1.791792	1.261261								error: Could not locate the first local maximum of the reduced return map.
-1.787788	1.261261								error: Could not locate the first local maximum of the reduced return map.
-1.783784	1.261261								error: Could not locate the first local maximum of the reduced return map.
-1.779780	1.261261								error: Could not locate the first local maximum of the reduced return map.
-1.775776	1.261261								error: Could not locate the first local maximum of the reduced return map.
-1.771772	1.261261								error: Could not locate the first local maximum of the reduced return map.
-1.767768	1.261261								error: Could not locate the first local maximum of the reduced return map.
-1.763764	1.261261								error: Could not locate the first local maximum of the reduced return map.
-1.759760	1.261261								error: Could not locate the first local maximum of the reduced return map.
-1.755756	1.261261								error: Could not locate the first local maximum of the reduced return map.
-1.751752	1.261261								error: Could not locate the first local maximum of the reduced return map.
-1.747748	1.261261								error: Could not locate the first local maximum of the reduced return map.
-1.743744	1.261261								error: Could not locate the first local maximum of the reduced return map.
-1.739740	1.261261								error: Could not locate the first local maximum of the reduced return map.
-1.735736	1.261261								error: Could not locate the first local maximum of the reduced return map.
-1.731732	1.261261								error: Could not locate the first local maximum of the reduced return map.
-1.727728	1.261261								error: Could not locate the first local maximum of the reduced return map.
-1.723724	1.261261								error: Could not locate the first local maximum of the reduced return map.
-1.719720	1.261261								error: Could not locate the first local maximum of the reduced return map.
-1.715716	1.261261								error: Could not locate the first local maximum of the reduced return map.
-1.711712	1.261261								error: Could not locate the first local maximum of the reduced return map.
-1.707708	1.261261								error: Could not locate the first local maximum of the reduced return map.
-1.703704	1.261261								error: Could not locate the first local maximum of the reduced return map.
-1.699700	1.261261								error: Could not locate the first local maximum of the reduced return map.
-1.695696	1.261261								error: Could not locate the first local maximum of the reduced return map.
-1.691692	1.261261								error: Could not locate the first local maximum of the reduced return map.
-1.687688	1.261261								error: Could not locate the first local maximum of the reduced return map.
-1.683684	1.261261								error: Could not locate the first local maximum of the reduced return map.
-1.679680	1.261261								error: Could not locate the first local maximum of the reduced return map.
-1.675676	1.261261								error: Could not locate the first local maximum of the reduced return map.
-1.671672	1.261261								error: Could not locate the first local maximum of the reduced return map.
-1.667668	1.261261								error: Could not locate the first local maximum of the reduced return map.
-1.663664	1.261261								error: Could not locate the first local maximum of the reduced return map.
-1.659660	1.261261								error: Could not locate the first local maximum of the reduced return map.
-1.655656	1.261261								error: Could not locate the first local maximum of the reduced return map.
-1.651652	1.261261								error: Could not locate the first local maximum of the reduced return map.
-1.647648	1.261261								error: Could not locate the first local maximum of the reduced return map.
-1.643644	1.261261								error: Could not locate the first local maximum of the reduced return map.
-1.639640	1.261261								error: Could not locate the first local maximum of the reduced return map.
-1.635636	1.261261								error: Could not locate the first local maximum of the reduced return map.
-1.631632	1.261261								error: Could not locate the first local maximum of the reduced return map.
-1.627628	1.261261								error: Could not locate the first local maximum of the reduced return map.
-1.623624	1.261261								error: Could not locate the first local maximum of the reduced return map.
-1.619620	1.261261								error: Could not locate the first local maximum of the reduced return map.
-1.615616	1.261261								error: Could not locate the first local maximum of the reduced return map.
-1.611612	1.261261								error: Could not locate the first local maximum of the reduced return map.
-1.607608	1.261261								error: Could not locate the first local maximum of the reduced return map.
-1.603604	1.261261								error: Could not locate the first local maximum of the reduced return map.
-1.599600	1.261261								error: Could not locate the first local maximum of the reduced return map.
-1.595596	1.261261								error: Could not locate the first local maximum of the reduced return map.
-1.591592	1.261261								error: Could not locate the first local maximum of the reduced return map.
-1.587588	1.261261								error: Could not locate the first local maximum of the reduced return map.
-1.583584	1.261261								error: Could not locate the first local maximum of the reduced return map.
-1.579580	1.261261								error: Could not locate the first local maximum of the reduced return map.
-1.575576	1.261261								error: Could not locate the first local maximum of the reduced return map.
-1.571572	1.261261								error: Could not locate the first local maximum of the reduced return map.
-1.567568	1.261261								error: Could not locate the first local maximum of the reduced return map.
-1.563564	1.261261								error: Could not locate the first local maximum of the reduced return map.
-1.559560	1.261261								error: Could not locate the first local maximum of the reduced return map.
-1.555556	1.261261								error: Could not locate the first local maximum of the reduced return map.
-1.551552	1.261261								error: Could not locate the first local maximum of the reduced return map.
-1.547548	1.261261								error: Could not locate the first local maximum of the reduced return map.
-1.543544	1.261261								error: Could not locate the first local maximum of the reduced return map.
-1.539540	1.261261								error: Could not locate the first local maximum of the reduced return map.
-1.535536	1.261261								error: Could not locate the first local maximum of the reduced return map.
-1.531532	1.261261								error: Could not locate the first local maximum of the reduced return map.
-1.527528	1.261261								error: Could not locate the first local maximum of the reduced return map.
-1.523524	1.261261								error: Could not locate the first local maximum of the reduced return map.
-1.519520	1.261261								error: Could not locate the first local maximum of the reduced return map.
-1.515516	1.261261								error: Could not locate the first local maximum of the reduced return map.
-1.511512	1.261261								error: Could not locate the first local maximum of the reduced return map.
-1.507508	1.261261								error: Could not locate the first local maximum of the reduced return map.
-1.503504	1.261261								error: Could not locate the first local maximum of the reduced return map.
-1.499499	1.261261								error: Could not locate the first local maximum of the reduced return map.
-1.495495	1.261261								error: Could not locate the first local maximum of the reduced return map.
-1.491491	1.261261								error: Could not locate the first local maximum of the reduced return map.
-1.487487	1.261261								error: Could not locate the first local maximum of the reduced return map.
-1.483483	1.261261								error: Could not locate the first local maximum of the reduced return map.
-1.479479	1.261261								error: Could not locate the first local maximum of the reduced return map.
-1.475475	1.261261								error: Could not locate the first local maximum of the reduced return map.
-1.471471	1.261261								error: Could not locate the first local maximum of the reduced return map.
-1.467467	1.261261								error: Could not locate the first local maximum of the reduced return map.
-1.463463	1.261261								error: Could not locate the first local maximum of the reduced return map.
-1.459459	1.261261								error: Could not locate the first local maximum of the reduced return map.
-1.455455	1.261261								error: Could not locate the first local maximum of the reduced return map.
-1.451451	1.261261								error: Could not locate the first local maximum of the reduced return map.
-1.447447	1.261261								error: Could not locate the first local maximum of the reduced return map.
-1.443443	1.261261								error: Could not locate the first local maximum of the reduced return map.
-1.439439	1.261261								error: Could not locate the first local maximum of the reduced return map.
-1.435435	1.261261								error: Could not locate the first local maximum of the reduced return map.
-1.431431	1.261261								error: Could not locate the first local maximum of the reduced return map.
-1.427427	1.261261								error: Could not locate the first local maximum of the reduced return map.
-1.423423	1.261261								error: Could not locate the first local maximum of the reduced return map.
-1.419419	1.261261								error: Could not locate the first local maximum of the reduced return map.
-1.415415	1.261261								error: Could not locate the first local maximum of the reduced return map.
-1.411411	1.261261								error: Could not locate the first local maximum of the reduced return map.
-1.407407	1.261261								error: Could not locate the first local maximum of the reduced return map.
-1.403403	1.261261								error: Could not locate the first local maximum of the reduced return map.
-1.399399	1.261261								error: Could not locate the first local maximum of the reduced return map.
-1.395395	1.261261								error: Could not locate the first local maximum of the reduced return map.
-1.391391	1.261261								error: Could not locate the first local maximum of the reduced return map.
-1.387387	1.261261								error: Could not locate the first local maximum of the reduced return map.
-1.383383	1.261261								error: Could not locate the first local maximum of the reduced return map.
-1.379379	1.261261								error: Could not locate the first local maximum of the reduced return map.
-1.375375	1.261261								error: Could not locate the first local maximum of the reduced return map.
-1.371371	1.261261								error: Could not locate the first local maximum of the reduced return map.
-1.367367	1.261261								error: Could not locate the first local maximum of the reduced return map.
-1.363363	1.261261								error: Could not locate the first local maximum of the reduced return map.
-1.359359	1.261261								error: Could not locate the first local maximum of the reduced return map.
-1.355355	1.261261								error: Could not locate the first local maximum of the reduced return map.
-1.351351	1.261261								error: Could not locate the first local maximum of the reduced return map.
-1.347347	1.261261								error: Could not locate the first local maximum of the reduced return map.
-1.343343	1.261261								error: Could not locate the first local maximum of the reduced return map.
-1.339339	1.261261								error: Could not locate the first local maximum of the reduced return map.
-1.335335	1.261261								error: Could not locate the first local maximum of the reduced return map.
-1.331331	1.261261								error: Could not locate the first local maximum of the reduced return map.
-1.327327	1.261261								error: Could not locate the first local maximum of the reduced return map.
-1.323323	1.261261								error: Could not locate the first local maximum of the reduced return map.
-1.319319	1.261261								error: Could not locate the first local maximum of the reduced return map.
-1.315315	1.261261								error: Could not locate the first local maximum of the reduced return map.
-1.311311	1.261261								error: Could not locate the first local maximum of the reduced return map.
-1.307307	1.261261								error: Could not locate the first local maximum of the reduced return map.
-1.303303	1.261261								error: Could not locate the first local maximum of the reduced return map.
-1.299299	1.261261								error: Could not locate the first local maximum of the reduced return map.
-1.295295	1.261261								error: Could not locate the first local maximum of the reduced return map.
-1.291291	1.261261								error: Could not locate the first local maximum of the reduced return map.
-1.287287	1.261261								error: Could not locate the first local maximum of the reduced return map.
-1.283283	1.261261								error: Could not locate the first local maximum of the reduced return map.
-1.279279	1.261261								error: Could not locate the first local maximum of the reduced return map.
-1.275275	1.261261								error: Could not locate the first local maximum of the reduced return map.
-1.271271	1.261261								error: Could not locate the first local maximum of the reduced return map.
-1.267267	1.261261								error: Could not locate the first local maximum of the reduced return map.
-1.263263	1.261261								error: Could not locate the first local maximum of the reduced return map.
-1.259259	1.261261								error: Could not locate the first local maximum of the reduced return map.
-1.255255	1.261261								error: Could not locate the first local maximum of the reduced return map.
-1.251251	1.261261								error: Could not locate the first local maximum of the reduced return map.
-1.247247	1.261261								error: Could not locate the first local maximum of the reduced return map.
-1.243243	1.261261								error: Could not locate the first local maximum of the reduced return map.
-1.239239	1.261261								error: Could not locate the first local maximum of the reduced return map.
-1.235235	1.261261								error: Could not locate the first local maximum of the reduced return map.
-1.231231	1.261261								error: Could not locate the first local maximum of the reduced return map.
-1.227227	1.261261								error: Could not locate the first local maximum of the reduced return map.
-1.223223	1.261261								error: Could not locate the first local maximum of the reduced return map.
-1.219219	1.261261								error: Could not locate the first local maximum of the reduced return map.
-1.215215	1.261261								error: Could not locate the first local maximum of the reduced return map.
-1.211211	1.261261								error: Could not locate the first local maximum of the reduced return map.
-1.207207	1.261261								error: Could not locate the first local maximum of the reduced return map.
-1.203203	1.261261								error: Could not locate the first local maximum of the reduced return map.
-1.199199	1.261261								error: Could not locate the first local maximum of the reduced return map.
-1.195195	1.261261								error: Could not locate the first local maximum of the reduced return map.
-1.191191	1.261261								error: Could not locate the first local maximum of the reduced return map.
-1.187187	1.261261								error: Could not locate the first local maximum of the reduced return map.
-1.183183	1.261261								error: Could not locate the first local maximum of the reduced return map.
-1.179179	1.261261								error: Could not locate the first local maximum of the reduced return map.
-1.175175	1.261261								error: Could not locate the first local maximum of the reduced return map.
-1.171171	1.261261								error: Could not locate the first local maximum of the reduced return map.
-1.167167	1.261261								error: Could not locate the first local maximum of the reduced return map.
-1.163163	1.261261								error: Could not locate the first local maximum of the reduced return map.
-1.159159	1.261261								error: Could not locate the first local maximum of the reduced return map.
-1.155155	1.261261								error: Could not locate the first local maximum of the reduced return map.
-1.151151	1.261261								error: Could not locate the first local maximum of the reduced return map.
-1.147147	1.261261								error: Could not locate the first local maximum of the reduced return map.
-1.143143	1.261261								error: Could not locate the first local maximum of the reduced return map.
-1.139139	1.261261								error: Could not locate the first local maximum of the reduced return map.
-1.135135	1.261261								error: Could not locate the first local maximum of the reduced return map.
-1.131131	1.261261								error: Could not locate the first local maximum of the reduced return map.
-1.127127	1.261261								error: Could not locate the first local maximum of the reduced return map.
-1.123123	1.261261								error: Could not locate the first local maximum of the reduced return map.
-1.119119	1.261261								error: Could not locate the first local maximum of the reduced return map.
-1.115115	1.261261								error: Could not locate the first local maximum of the reduced return map.
-1.111111	1.261261								error: Could not locate the first local maximum of the reduced return map.
-1.107107	1.261261								error: Could not locate the first local maximum of the reduced return map.
-1.103103	1.261261								error: Could not locate the first local maximum of the reduced return map.
-1.099099	1.261261								error: Could not locate the first local maximum of the reduced return map.
-1.095095	1.261261								error: Could not locate the first local maximum of the reduced return map.
-1.091091	1.261261								error: Could not locate the first local maximum of the reduced return map.
-1.087087	1.261261								error: Could not locate the first local maximum of the reduced return map.
-1.083083	1.261261								error: Could not locate the first local maximum of the reduced return map.
-1.079079	1.261261								error: Could not locate the first local maximum of the reduced return map.
-1.075075	1.261261								error: Could not locate the first local maximum of the reduced return map.
-1.071071	1.261261								error: Could not locate the first local maximum of the reduced return map.
-1.067067	1.261261								error: Could not locate the first local maximum of the reduced return map.
-1.063063	1.261261								error: Could not locate the first local maximum of the reduced return map.
-1.059059	1.261261								error: Could not locate the first local maximum of the reduced return map.
-1.055055	1.261261								error: Could not locate the first local maximum of the reduced return map.
-1.051051	1.261261								error: Could not locate the first local maximum of the reduced return map.
-1.047047	1.261261								error: Could not locate the first local maximum of the reduced return map.
-1.043043	1.261261								error: Could not locate the first local maximum of the reduced return map.
-1.039039	1.261261								error: Could not locate the first local maximum of the reduced return map.
-1.035035	1.261261								error: Could not locate the first local maximum of the reduced return map.
-1.031031	1.261261								error: Could not locate the first local maximum of the reduced return map.
-1.027027	1.261261								error: Could not locate the first local maximum of the reduced return map.
-1.023023	1.261261								error: Could not locate the first local maximum of the reduced return map.
-1.019019	1.261261								error: Could not locate the first local maximum of the reduced return map.
-1.015015	1.261261								error: Could not locate the first local maximum of the reduced return map.
-1.011011	1.261261								error: Could not locate the first local maximum of the reduced return map.
-1.007007	1.261261								error: Could not locate the first local maximum of the reduced return map.
-1.003003	1.261261								error: Could not locate the first local maximum of the reduced return map.
-0.998999	1.261261								error: Could not locate the first local maximum of the reduced return map.
-0.994995	1.261261								error: Could not locate the first local maximum of the reduced return map.
-0.990991	1.261261								error: Could not locate the first local maximum of the reduced return map.
-0.986987	1.261261								error: Could not locate the first local maximum of the reduced return map.
-0.982983	1.261261								error: Could not locate the first local maximum of the reduced return map.
-0.978979	1.261261								error: Could not locate the first local maximum of the reduced return map.
-0.974975	1.261261								error: Could not locate the first local maximum of the reduced return map.
-0.970971	1.261261								error: Could not locate the first local maximum of the reduced return map.
-0.966967	1.261261								error: Could not locate the first local maximum of the reduced return map.
-0.962963	1.261261								error: Could not locate the first local maximum of the reduced return map.
-0.958959	1.261261								error: Could not locate the first local maximum of the reduced return map.
-0.954955	1.261261								error: Could not locate the first local maximum of the reduced return map.
-0.950951	1.261261								error: Could not locate the first local maximum of the reduced return map.
-0.946947	1.261261								error: Could not locate the first local maximum of the reduced return map.
-0.942943	1.261261								error: Could not locate the first local maximum of the reduced return map.
-0.938939	1.261261								error: Could not locate the first local maximum of the reduced return map.
-0.934935	1.261261								error: Could not locate the first local maximum of the reduced return map.
-0.930931	1.261261								error: Could not locate the first local maximum of the reduced return map.
-0.926927	1.261261								error: Could not locate the first local maximum of the reduced return map.
-0.922923	1.261261								error: Could not locate the first local maximum of the reduced return map.
-0.918919	1.261261								error: Could not locate the first local maximum of the reduced return map.
-0.914915	1.261261								error: Could not locate the first local maximum of the reduced return map.
-0.910911	1.261261								error: Could not locate the first local maximum of the reduced return map.
-0.906907	1.261261								error: Could not locate the first local maximum of the reduced return map.
-0.902903	1.261261								error: Could not locate the first local maximum of the reduced return map.
-0.898899	1.261261								error: Could not locate the first local maximum of the reduced return map.
-0.894895	1.261261								error: Could not locate the first local maximum of the reduced return map.
-0.890891	1.261261								error: Could not locate the first local maximum of the reduced return map.
-0.886887	1.261261								error: Could not locate the first local maximum of the reduced return map.
-0.882883	1.261261								error: Could not locate the first local maximum of the reduced return map.
-0.878879	1.261261								error: Could not locate the first local maximum of the reduced return map.
-0.874875	1.261261								error: Could not locate the first local maximum of the reduced return map.
-0.870871	1.261261								error: Could not locate the first local maximum of the reduced return map.
-0.866867	1.261261								error: Could not locate the first local maximum of the reduced return map.
-0.862863	1.261261								error: Could not locate the first local maximum of the reduced return map.
-0.858859	1.261261								error: Could not locate the first local maximum of the reduced return map.
-0.854855	1.261261								error: Could not locate the first local maximum of the reduced return map.
-0.850851	1.261261								error: Could not locate the first local maximum of the reduced return map.
-0.846847	1.261261								error: Could not locate the first local maximum of the reduced return map.
-0.842843	1.261261								error: Could not locate the first local maximum of the reduced return map.
-0.838839	1.261261								error: Could not locate the first local maximum of the reduced return map.
-0.834835	1.261261								error: Could not locate the first local maximum of the reduced return map.
-0.830831	1.261261								error: Could not locate the first local maximum of the reduced return map.
-0.826827	1.261261								error: Could not locate the first local maximum of the reduced return map.
-0.822823	1.261261								error: Could not locate the first local maximum of the reduced return map.
-0.818819	1.261261								error: Could not locate the first local maximum of the reduced return map.
-0.814815	1.261261								error: Could not locate the first local maximum of the reduced return map.
-0.810811	1.261261								error: Could not locate the first local maximum of the reduced return map.
-0.806807	1.261261								error: Could not locate the first local maximum of the reduced return map.
-0.802803	1.261261								error: Could not locate the first local maximum of the reduced return map.
-0.798799	1.261261								error: Could not locate the first local maximum of the reduced return map.
-0.794795	1.261261								error: Could not locate the first local maximum of the reduced return map.
-0.790791	1.261261								error: Could not locate the first local maximum of the reduced return map.
-0.786787	1.261261								error: Could not locate the first local maximum of the reduced return map.
-0.782783	1.261261								error: Could not locate the first local maximum of the reduced return map.
-0.778779	1.261261								error: Could not locate the first local maximum of the reduced return map.
-0.774775	1.261261								error: Could not locate the first local maximum of the reduced return map.
-0.770771	1.261261								error: Could not locate the first local maximum of the reduced return map.
-0.766767	1.261261								error: Could not locate the first local maximum of the reduced return map.
-0.762763	1.261261								error: Could not locate the first local maximum of the reduced return map.
-0.758759	1.261261								error: Could not locate the first local maximum of the reduced return map.
-0.754755	1.261261								error: Could not locate the first local maximum of the reduced return map.
-0.750751	1.261261								error: Could not locate the first local maximum of the reduced return map.
-0.746747	1.261261								error: Could not locate the first local maximum of the reduced return map.
-0.742743	1.261261								error: Could not locate the first local maximum of the reduced return map.
-0.738739	1.261261								error: Could not locate the first local maximum of the reduced return map.
-0.734735	1.261261								error: Could not locate the first local maximum of the reduced return map.
-0.730731	1.261261								error: Could not locate the first local maximum of the reduced return map.
-0.726727	1.261261								error: Could not locate the first local maximum of the reduced return map.
-0.722723	1.261261								error: Could not locate the first local maximum of the reduced return map.
-0.718719	1.261261								error: Could not locate the first local maximum of the reduced return map.
-0.714715	1.261261								error: Could not locate the first local maximum of the reduced return map.
-0.710711	1.261261								error: Could not locate the first local maximum of the reduced return map.
-0.706707	1.261261								error: Could not locate the first local maximum of the reduced return map.
-0.702703	1.261261								error: Could not locate the first local maximum of the reduced return map.
-0.698699	1.261261								error: Could not locate the first local maximum of the reduced return map.
-0.694695	1.261261								error: Could not locate the first local maximum of the reduced return map.
-0.690691	1.261261								error: Could not locate the first local maximum of the reduced return map.
-0.686687	1.261261								error: Could not locate the first local maximum of the reduced return map.
-0.682683	1.261261								error: Could not locate the first local maximum of the reduced return map.
-0.678679	1.261261								error: Could not locate the first local maximum of the reduced return map.
-0.674675	1.261261								error: Could not locate the first local maximum of the reduced return map.
-0.670671	1.261261								error: Could not locate the first local maximum of the reduced return map.
-0.666667	1.261261								error: Could not locate the first local maximum of the reduced return map.
-0.662663	1.261261								error: Could not locate the first local maximum of the reduced return map.
-0.658659	1.261261								error: Could not locate the first local maximum of the reduced return map.
-0.654655	1.261261								error: Could not locate the first local maximum of the reduced return map.
-0.650651	1.261261								error: Could not locate the first local maximum of the reduced return map.
-0.646647	1.261261								error: Could not locate the first local maximum of the reduced return map.
-0.642643	1.261261								error: Could not locate the first local maximum of the reduced return map.
-0.638639	1.261261								error: Could not locate the first local maximum of the reduced return map.
-0.634635	1.261261								error: Could not locate the first local maximum of the reduced return map.
-0.630631	1.261261								error: Could not locate the first local maximum of the reduced return map.
-0.626627	1.261261								error: Could not locate the first local maximum of the reduced return map.
-0.622623	1.261261								error: Could not locate the first local maximum of the reduced return map.
-0.618619	1.261261								error: Could not locate the first local maximum of the reduced return map.
-0.614615	1.261261								error: Could not locate the first local maximum of the reduced return map.
-0.610611	1.261261								error: Could not locate the first local maximum of the reduced return map.
-0.606607	1.261261								error: Could not locate the first local maximum of the reduced return map.
-0.602603	1.261261								error: Could not locate the first local maximum of the reduced return map.
-0.598599	1.261261								error: Could not locate the first local maximum of the reduced return map.
-0.594595	1.261261								error: Could not locate the first local maximum of the reduced return map.
-0.590591	1.261261								error: Could not locate the first local maximum of the reduced return map.
-0.586587	1.261261								error: Could not locate the first local maximum of the reduced return map.
-0.582583	1.261261								error: Could not locate the first local maximum of the reduced return map.
-0.578579	1.261261								error: Could not locate the first local maximum of the reduced return map.
-0.574575	1.261261								error: Could not locate the first local maximum of the reduced return map.
-0.570571	1.261261								error: Could not locate the first local maximum of the reduced return map.
-0.566567	1.261261								error: Could not locate the first local maximum of the reduced return map.
-0.562563	1.261261								error: Could not locate the first local maximum of the reduced return map.
-0.558559	1.261261								error: Could not locate the first local maximum of the reduced return map.
-0.554555	1.261261								error: Could not locate the first local maximum of the reduced return map.
-0.550551	1.261261								error: Could not locate the first local maximum of the reduced return map.
-0.546547	1.261261								error: Could not locate the first local maximum of the reduced return map.
-0.542543	1.261261								error: Could not locate the first local maximum of the reduced return map.
-0.538539	1.261261								error: Could not locate the first local maximum of the reduced return map.
-0.534535	1.261261								error: Could not locate the first local maximum of the reduced return map.
-0.530531	1.261261								error: Could not locate the first local maximum of the reduced return map.
-0.526527	1.261261								error: Could not locate the first local maximum of the reduced return map.
-0.522523	1.261261								error: Could not locate the first local maximum of the reduced return map.
-0.518519	1.261261								error: Could not locate the first local maximum of the reduced return map.
-0.514515	1.261261								error: Could not locate the first local maximum of the reduced return map.
-0.510511	1.261261								error: Could not locate the first local maximum of the reduced return map.
-0.506507	1.261261								error: Could not locate the first local maximum of the reduced return map.
-0.502503	1.261261								error: Could not locate the first local maximum of the reduced return map.
-0.498498	1.261261								error: Could not locate the first local maximum of the reduced return map.
-0.494494	1.261261								error: Could not locate the first local maximum of the reduced return map.
-0.490490	1.261261								error: Could not locate the first local maximum of the reduced return map.
-0.486486	1.261261								error: Could not locate the first local maximum of the reduced return map.
-0.482482	1.261261								error: Could not locate the first local maximum of the reduced return map.
-0.478478	1.261261								error: Could not locate the first local maximum of the reduced return map.
-0.474474	1.261261								error: Could not locate the first local maximum of the reduced return map.
-0.470470	1.261261								error: Could not locate the first local maximum of the reduced return map.
-0.466466	1.261261								error: Could not locate the first local maximum of the reduced return map.
-0.462462	1.261261								error: Could not locate the first local maximum of the reduced return map.
-0.458458	1.261261								error: Could not locate the first local maximum of the reduced return map.
-0.454454	1.261261								error: Could not locate the first local maximum of the reduced return map.
-0.450450	1.261261								error: Could not locate the first local maximum of the reduced return map.
-0.446446	1.261261								error: Could not locate the first local maximum of the reduced return map.
-0.442442	1.261261								error: Could not locate the first local maximum of the reduced return map.
-0.438438	1.261261								error: Could not locate the first local maximum of the reduced return map.
-0.434434	1.261261								error: Could not locate the first local maximum of the reduced return map.
-0.430430	1.261261								error: Could not locate the first local maximum of the reduced return map.
-0.426426	1.261261								error: Could not locate the first local maximum of the reduced return map.
-0.422422	1.261261								error: Could not locate the first local maximum of the reduced return map.
-0.418418	1.261261								error: Could not locate the first local maximum of the reduced return map.
-0.414414	1.261261								error: Could not locate the first local maximum of the reduced return map.
-0.410410	1.261261								error: Could not locate the first local maximum of the reduced return map.
-0.406406	1.261261								error: Could not locate the first local maximum of the reduced return map.
-0.402402	1.261261								error: Could not locate the first local maximum of the reduced return map.
-0.398398	1.261261								error: Could not locate the first local maximum of the reduced return map.
-0.394394	1.261261								error: Could not locate the first local maximum of the reduced return map.
-0.390390	1.261261								error: Could not locate the first local maximum of the reduced return map.
-0.386386	1.261261								error: Could not locate the first local maximum of the reduced return map.
-0.382382	1.261261								error: Could not locate the first local maximum of the reduced return map.
-0.378378	1.261261								error: Could not locate the first local maximum of the reduced return map.
-0.374374	1.261261								error: Could not locate the first local maximum of the reduced return map.
-0.370370	1.261261								error: Could not locate the first local maximum of the reduced return map.
-0.366366	1.261261								error: Could not locate the first local maximum of the reduced return map.
-0.362362	1.261261								error: Could not locate the first local maximum of the reduced return map.
-0.358358	1.261261								error: Could not locate the first local maximum of the reduced return map.
-0.354354	1.261261								error: Could not locate the first local maximum of the reduced return map.
-0.350350	1.261261								error: Could not locate the first local maximum of the reduced return map.
-0.346346	1.261261								error: Could not locate the first local maximum of the reduced return map.
-0.342342	1.261261								error: Could not locate the first local maximum of the reduced return map.
-0.338338	1.261261								error: Could not locate the first local maximum of the reduced return map.
-0.334334	1.261261								error: Could not locate the first local maximum of the reduced return map.
-0.330330	1.261261								error: Could not locate the first local maximum of the reduced return map.
-0.326326	1.261261								error: Could not locate the first local maximum of the reduced return map.
-0.322322	1.261261								error: Could not locate the first local maximum of the reduced return map.
-0.318318	1.261261								error: Could not locate the first local maximum of the reduced return map.
-0.314314	1.261261								error: Could not locate the first local maximum of the reduced return map.
-0.310310	1.261261								error: Could not locate the first local maximum of the reduced return map.
-0.306306	1.261261								error: Could not locate the first local maximum of the reduced return map.
-0.302302	1.261261								error: Could not locate the first local maximum of the reduced return map.
-0.298298	1.261261								error: Could not locate the first local maximum of the reduced return map.
-0.294294	1.261261								error: Could not locate the first local maximum of the reduced return map.
-0.290290	1.261261								error: Could not locate the first local maximum of the reduced return map.
-0.286286	1.261261								error: Could not locate the first local maximum of the reduced return map.
-0.282282	1.261261								error: Could not locate the first local maximum of the reduced return map.
-0.278278	1.261261								error: Could not locate the first local maximum of the reduced return map.
-0.274274	1.261261								error: Could not locate the first local maximum of the reduced return map.
-0.270270	1.261261								error: Could not locate the first local maximum of the reduced return map.
-0.266266	1.261261								error: Could not locate the first local maximum of the reduced return map.
-0.262262	1.261261								error: Could not locate the first local maximum of the reduced return map.
-0.258258	1.261261								error: Could not locate the first local maximum of the reduced return map.
-0.254254	1.261261								error: Could not locate the first local maximum of the reduced return map.
-0.250250	1.261261								error: Could not locate the first local maximum of the reduced return map.
-0.246246	1.261261								error: Could not locate the first local maximum of the reduced return map.
-0.242242	1.261261								error: Could not locate the first local maximum of the reduced return map.
-0.238238	1.261261								error: Could not locate the first local maximum of the reduced return map.
-0.234234	1.261261								error: Could not locate the first local maximum of the reduced return map.
-0.230230	1.261261								error: Could not locate the first local maximum of the reduced return map.
-0.226226	1.261261								error: Could not locate the first local maximum of the reduced return map.
-0.222222	1.261261								error: Could not locate the first local maximum of the reduced return map.
-0.218218	1.261261								error: Could not locate the first local maximum of the reduced return map.
-0.214214	1.261261								error: Could not locate the first local maximum of the reduced return map.
-0.210210	1.261261								error: Could not locate the first local maximum of the reduced return map.
-0.206206	1.261261								error: Could not locate the first local maximum of the reduced return map.
-0.202202	1.261261								error: Could not locate the first local maximum of the reduced return map.
-0.198198	1.261261								error: Could not locate the first local maximum of the reduced return map.
-0.194194	1.261261								error: Could not locate the first local maximum of the reduced return map.
-0.190190	1.261261								error: Could not locate the first local maximum of the reduced return map.
-0.186186	1.261261								error: Could not locate the first local maximum of the reduced return map.
-0.182182	1.261261								error: Could not locate the first local maximum of the reduced return map.
-0.178178	1.261261								error: Could not locate the first local maximum of the reduced return map.
-0.174174	1.261261								error: Could not locate the first local maximum of the reduced return map.
-0.170170	1.261261								error: Could not locate the first local maximum of the reduced return map.
-0.166166	1.261261								error: Could not locate the first local maximum of the reduced return map.
-0.162162	1.261261								error: Could not locate the first local maximum of the reduced return map.
-0.158158	1.261261								error: Could not locate the first local maximum of the reduced return map.
-0.154154	1.261261								error: Could not locate the first local maximum of the reduced return map.
-0.150150	1.261261								error: Could not locate the first local maximum of the reduced return map.
-0.146146	1.261261								error: Could not locate the first local maximum of the reduced return map.
-0.142142	1.261261								error: Could not locate the first local maximum of the reduced return map.
-0.138138	1.261261								error: Could not locate the first local maximum of the reduced return map.
-0.134134	1.261261								error: Could not locate the first local maximum of the reduced return map.
-0.130130	1.261261								error: Could not locate the first local maximum of the reduced return map.
-0.126126	1.261261								error: Could not locate the first local maximum of the reduced return map.
-0.122122	1.261261								error: Could not locate the first local maximum of the reduced return map.
-0.118118	1.261261								error: Could not locate the first local maximum of the reduced return map.
-0.114114	1.261261								error: Could not locate the first local maximum of the reduced return map.
-0.110110	1.261261								error: Could not locate the first local maximum of the reduced return map.
-0.106106	1.261261								error: Could not locate the first local maximum of the reduced return map.
-0.102102	1.261261								error: Could not locate the first local maximum of the reduced return map.
-0.098098	1.261261								error: Could not locate the first local maximum of the reduced return map.
-0.094094	1.261261								error: Could not locate the first local maximum of the reduced return map.
-0.090090	1.261261								error: Could not locate the first local maximum of the reduced return map.
-0.086086	1.261261								error: Could not locate the first local maximum of the reduced return map.
-0.082082	1.261261								error: Could not locate the first local maximum of the reduced return map.
-0.078078	1.261261								error: Could not locate the first local maximum of the reduced return map.
-0.074074	1.261261								error: Could not locate the first local maximum of the reduced return map.
-0.070070	1.261261								error: Could not locate the first local maximum of the reduced return map.
-0.066066	1.261261								error: Could not locate the first local maximum of the reduced return map.
-0.062062	1.261261								error: Could not locate the first local maximum of the reduced return map.
-0.058058	1.261261								error: Could not locate the first local maximum of the reduced return map.
-0.054054	1.261261								error: Could not locate the first local maximum of the reduced return map.
-0.050050	1.261261								error: Could not locate the first local maximum of the reduced return map.
-0.046046	1.261261								error: Could not locate the first local maximum of the reduced return map.
-0.042042	1.261261								error: Could not locate the first local maximum of the reduced return map.
-0.038038	1.261261								error: Could not locate the first local maximum of the reduced return map.
-0.034034	1.261261								error: Could not locate the first local maximum of the reduced return map.
-0.030030	1.261261								error: Could not locate the first local maximum of the reduced return map.
-0.026026	1.261261								error: Could not locate the first local maximum of the reduced return map.
-0.022022	1.261261								error: Could not locate the first local maximum of the reduced return map.
-0.018018	1.261261								error: Could not locate the first local maximum of the reduced return map.
-0.014014	1.261261								error: Could not locate the first local maximum of the reduced return map.
-0.010010	1.261261								error: Could not locate the first local maximum of the reduced return map.
-0.006006	1.261261								error: Could not locate the first local maximum of the reduced return map.
-0.002002	1.261261								error: Could not locate the first local maximum of the reduced return map.
0.002002	1.261261								error: Could not locate the first local maximum of the reduced return map.
0.006006	1.261261								error: Could not locate the first local maximum of the reduced return map.
0.010010	1.261261								error: Could not locate the first local maximum of the reduced return map.
0.014014	1.261261								error: Could not locate the first local maximum of the reduced return map.
0.018018	1.261261								error: Could not locate the first local maximum of the reduced return map.
0.022022	1.261261								error: Could not locate the first local maximum of the reduced return map.
0.026026	1.261261								error: Could not locate the first local maximum of the reduced return map.
0.030030	1.261261								error: Could not locate the first local maximum of the reduced return map.
0.034034	1.261261								error: Could not locate the first local maximum of the reduced return map.
0.038038	1.261261								error: Could not locate the first local maximum of the reduced return map.
0.042042	1.261261								error: Could not locate the first local maximum of the reduced return map.
0.046046	1.261261								error: Could not locate the first local maximum of the reduced return map.
0.050050	1.261261								error: Could not locate the first local maximum of the reduced return map.
0.054054	1.261261								error: Could not locate the first local maximum of the reduced return map.
0.058058	1.261261								error: Could not locate the first local maximum of the reduced return map.
0.062062	1.261261								error: Could not locate the first local maximum of the reduced return map.
0.066066	1.261261								error: Could not locate the first local maximum of the reduced return map.
0.070070	1.261261								error: Could not locate the first local maximum of the reduced return map.
0.074074	1.261261								error: Could not locate the first local maximum of the reduced return map.
0.078078	1.261261								error: Could not locate the first local maximum of the reduced return map.
0.082082	1.261261								error: Could not locate the first local maximum of the reduced return map.
0.086086	1.261261								error: Could not locate the first local maximum of the reduced return map.
0.090090	1.261261								error: Could not locate the first local maximum of the reduced return map.
0.094094	1.261261								error: Could not locate the first local maximum of the reduced return map.
0.098098	1.261261								error: Could not locate the first local maximum of the reduced return map.
0.102102	1.261261								error: Could not locate the first local maximum of the reduced return map.
0.106106	1.261261								error: Could not locate the first local maximum of the reduced return map.
0.110110	1.261261								error: Could not locate the first local maximum of the reduced return map.
0.114114	1.261261								error: Could not locate the first local maximum of the reduced return map.
0.118118	1.261261								error: Could not locate the first local maximum of the reduced return map.
0.122122	1.261261								error: Could not locate the first local maximum of the reduced return map.
0.126126	1.261261								error: Could not locate the first local maximum of the reduced return map.
0.130130	1.261261								error: Could not locate the first local maximum of the reduced return map.
0.134134	1.261261								error: Could not locate the first local maximum of the reduced return map.
0.138138	1.261261								error: Could not locate the first local maximum of the reduced return map.
0.142142	1.261261								error: Could not locate the first local maximum of the reduced return map.
0.146146	1.261261								error: Could not locate the first local maximum of the reduced return map.
0.150150	1.261261								error: Could not locate the first local maximum of the reduced return map.
0.154154	1.261261								error: Could not locate the first local maximum of the reduced return map.
0.158158	1.261261								error: Could not locate the first local maximum of the reduced return map.
0.162162	1.261261								error: Could not locate the first local maximum of the reduced return map.
0.166166	1.261261								error: Could not locate the first local maximum of the reduced return map.
0.170170	1.261261								error: Could not locate the first local maximum of the reduced return map.
0.174174	1.261261								error: Could not locate the first local maximum of the reduced return map.
0.178178	1.261261								error: Could not locate the first local maximum of the reduced return map.
0.182182	1.261261								error: Could not locate the first local maximum of the reduced return map.
0.186186	1.261261								error: Could not locate the first local maximum of the reduced return map.
0.190190	1.261261								error: Could not locate the first local maximum of the reduced return map.
0.194194	1.261261								error: Could not locate the first local maximum of the reduced return map.
0.198198	1.261261								error: Could not locate the first local maximum of the reduced return map.
0.202202	1.261261								error: Could not locate the first local maximum of the reduced return map.
0.206206	1.261261								error: Could not locate the first local maximum of the reduced return map.
0.210210	1.261261								error: Could not locate the first local maximum of the reduced return map.
0.214214	1.261261								error: Could not locate the first local maximum of the reduced return map.
0.218218	1.261261								error: Could not locate the first local maximum of the reduced return map.
0.222222	1.261261								error: Could not locate the first local maximum of the reduced return map.
0.226226	1.261261								error: Could not locate the first local maximum of the reduced return map.
0.230230	1.261261								error: Could not locate the first local maximum of the reduced return map.
0.234234	1.261261								error: Could not locate the first local maximum of the reduced return map.
0.238238	1.261261								error: Could not locate the first local maximum of the reduced return map.
0.242242	1.261261								error: Could not locate the first local maximum of the reduced return map.
0.246246	1.261261								error: Could not locate the first local maximum of the reduced return map.
0.250250	1.261261								error: Could not locate the first local maximum of the reduced return map.
0.254254	1.261261								error: Could not locate the first local maximum of the reduced return map.
0.258258	1.261261								error: Could not locate the first local maximum of the reduced return map.
0.262262	1.261261								error: Could not locate the first local maximum of the reduced return map.
0.266266	1.261261								error: Could not locate the first local maximum of the reduced return map.
0.270270	1.261261								error: Could not locate the first local maximum of the reduced return map.
0.274274	1.261261								error: Could not locate the first local maximum of the reduced return map.
0.278278	1.261261								error: Could not locate the first local maximum of the reduced return map.
0.282282	1.261261								error: Could not locate the first local maximum of the reduced return map.
0.286286	1.261261								error: Could not locate the first local maximum of the reduced return map.
0.290290	1.261261								error: Could not locate the first local maximum of the reduced return map.
0.294294	1.261261								error: Could not locate the first local maximum of the reduced return map.
0.298298	1.261261								error: Could not locate the first local maximum of the reduced return map.
0.302302	1.261261								error: Could not locate the first local maximum of the reduced return map.
0.306306	1.261261								error: Could not locate the first local maximum of the reduced return map.
0.310310	1.261261								error: Could not locate the first local maximum of the reduced return map.
0.314314	1.261261								error: Could not locate the first local maximum of the reduced return map.
0.318318	1.261261								error: Could not locate the first local maximum of the reduced return map.
0.322322	1.261261								error: Could not locate the first local maximum of the reduced return map.
0.326326	1.261261								error: Could not locate the first local maximum of the reduced return map.
0.330330	1.261261								error: Could not locate the first local maximum of the reduced return map.
0.334334	1.261261								error: Could not locate the first local maximum of the reduced return map.
0.338338	1.261261								error: Could not locate the first local maximum of the reduced return map.
0.342342	1.261261								error: Could not locate the first local maximum of the reduced return map.
0.346346	1.261261								error: Could not locate the first local maximum of the reduced return map.
0.350350	1.261261								error: Could not locate the first local maximum of the reduced return map.
0.354354	1.261261								error: Could not locate the first local maximum of the reduced return map.
0.358358	1.261261								error: Could not locate the first local maximum of the reduced return map.
0.362362	1.261261								error: Could not locate the first local maximum of the reduced return map.
0.366366	1.261261								error: Could not locate the first local maximum of the reduced return map.
0.370370	1.261261								error: Could not locate the first local maximum of the reduced return map.
0.374374	1.261261								error: Could not locate the first local maximum of the reduced return map.
0.378378	1.261261								error: Could not locate the first local maximum of the reduced return map.
0.382382	1.261261								error: Could not locate the first local maximum of the reduced return map.
0.386386	1.261261								error: Could not locate the first local maximum of the reduced return map.
0.390390	1.261261								error: Could not locate the first local maximum of the reduced return map.
0.394394	1.261261								error: Could not locate the first local maximum of the reduced return map.
0.398398	1.261261								error: Could not locate the first local maximum of the reduced return map.
0.402402	1.261261								error: Could not locate the first local maximum of the reduced return map.
0.406406	1.261261								error: Could not locate the first local maximum of the reduced return map.
0.410410	1.261261								error: Could not locate the first local maximum of the reduced return map.
0.414414	1.261261								error: Could not locate the first local maximum of the reduced return map.
0.418418	1.261261								error: Could not locate the first local maximum of the reduced return map.
0.422422	1.261261								error: Could not locate the first local maximum of the reduced return map.
0.426426	1.261261								error: Could not locate the first local maximum of the reduced return map.
0.430430	1.261261								error: Could not locate the first local maximum of the reduced return map.
0.434434	1.261261								error: Could not locate the first local maximum of the reduced return map.
0.438438	1.261261								error: Could not locate the first local maximum of the reduced return map.
0.442442	1.261261								error: Could not locate the first local maximum of the reduced return map.
0.446446	1.261261								error: Could not locate the first local maximum of the reduced return map.
0.450450	1.261261								error: Could not locate the first local maximum of the reduced return map.
0.454454	1.261261								error: Could not locate the first local maximum of the reduced return map.
0.458458	1.261261								error: Could not locate the first local maximum of the reduced return map.
0.462462	1.261261								error: Could not locate the first local maximum of the reduced return map.
0.466466	1.261261								error: Could not locate the first local maximum of the reduced return map.
0.470470	1.261261								error: Could not locate the first local maximum of the reduced return map.
0.474474	1.261261								error: Could not locate the first local maximum of the reduced return map.
0.478478	1.261261								error: Could not locate the first local maximum of the reduced return map.
0.482482	1.261261								error: Could not locate the first local maximum of the reduced return map.
0.486486	1.261261								error: Could not locate the first local maximum of the reduced return map.
0.490490	1.261261								error: Could not locate the first local maximum of the reduced return map.
0.494494	1.261261								error: Could not locate the first local maximum of the reduced return map.
0.498498	1.261261								error: Could not locate the first local maximum of the reduced return map.
0.502503	1.261261								error: Could not locate the first local maximum of the reduced return map.
0.506507	1.261261								error: Could not locate the first local maximum of the reduced return map.
0.510511	1.261261								error: Could not locate the first local maximum of the reduced return map.
0.514515	1.261261								error: Could not locate the first local maximum of the reduced return map.
0.518519	1.261261								error: Could not locate the first local maximum of the reduced return map.
0.522523	1.261261								error: Could not locate the first local maximum of the reduced return map.
0.526527	1.261261								error: Could not locate the first local maximum of the reduced return map.
0.530531	1.261261								error: Could not locate the first local maximum of the reduced return map.
0.534535	1.261261								error: Could not locate the first local maximum of the reduced return map.
0.538539	1.261261								error: Could not locate the first local maximum of the reduced return map.
0.542543	1.261261								error: Could not locate the first local maximum of the reduced return map.
0.546547	1.261261								error: Could not locate the first local maximum of the reduced return map.
0.550551	1.261261								error: Could not locate the first local maximum of the reduced return map.
0.554555	1.261261								error: Could not locate the first local maximum of the reduced return map.
0.558559	1.261261								error: Could not locate the first local maximum of the reduced return map.
0.562563	1.261261								error: Could not locate the first local maximum of the reduced return map.
0.566567	1.261261								error: Could not locate the first local maximum of the reduced return map.
0.570571	1.261261								error: Could not locate the first local maximum of the reduced return map.
0.574575	1.261261								error: Could not locate the first local maximum of the reduced return map.
0.578579	1.261261								error: Could not locate the first local maximum of the reduced return map.
0.582583	1.261261								error: Could not locate the first local maximum of the reduced return map.
0.586587	1.261261								error: Could not locate the first local maximum of the reduced return map.
0.590591	1.261261								error: Could not locate the first local maximum of the reduced return map.
0.594595	1.261261								error: Could not locate the first local maximum of the reduced return map.
0.598599	1.261261								error: Could not locate the first local maximum of the reduced return map.
0.602603	1.261261								error: Could not locate the first local maximum of the reduced return map.
0.606607	1.261261								error: Could not locate the first local maximum of the reduced return map.
0.610611	1.261261								error: Could not locate the first local maximum of the reduced return map.
0.614615	1.261261								error: Could not locate the first local maximum of the reduced return map.
0.618619	1.261261								error: Could not locate the first local maximum of the reduced return map.
0.622623	1.261261								error: Could not locate the first local maximum of the reduced return map.
0.626627	1.261261								error: Could not locate the first local maximum of the reduced return map.
0.630631	1.261261								error: Could not locate the first local maximum of the reduced return map.
0.634635	1.261261								error: Could not locate the first local maximum of the reduced return map.
0.638639	1.261261								error: Could not locate the first local maximum of the reduced return map.
0.642643	1.261261								error: Could not locate the first local maximum of the reduced return map.
0.646647	1.261261								error: Could not locate the first local maximum of the reduced return map.
0.650651	1.261261								error: Could not locate the first local maximum of the reduced return map.
0.654655	1.261261								error: Could not locate the first local maximum of the reduced return map.
0.658659	1.261261								error: Could not locate the first local maximum of the reduced return map.
0.662663	1.261261								error: Could not locate the first local maximum of the reduced return map.
0.666667	1.261261								error: Could not locate the first local maximum of the reduced return map.
0.670671	1.261261								error: Could not locate the first local maximum of the reduced return map.
0.674675	1.261261								error: Could not locate the first local maximum of the reduced return map.
0.678679	1.261261								error: Could not locate the first local maximum of the reduced return map.
0.682683	1.261261								error: Could not locate the first local maximum of the reduced return map.
0.686687	1.261261								error: Could not locate the first local maximum of the reduced return map.
0.690691	1.261261								error: Could not locate the first local maximum of the reduced return map.
0.694695	1.261261								error: Could not locate the first local maximum of the reduced return map.
0.698699	1.261261								error: Could not locate the first local maximum of the reduced return map.
0.702703	1.261261								error: Could not locate the first local maximum of the reduced return map.
0.706707	1.261261								error: Could not locate the first local maximum of the reduced return map.
0.710711	1.261261								error: Could not locate the first local maximum of the reduced return map.
0.714715	1.261261								error: Could not locate the first local maximum of the reduced return map.
0.718719	1.261261								error: Could not locate the first local maximum of the reduced return map.
0.722723	1.261261								error: Could not locate the first local maximum of the reduced return map.
0.726727	1.261261								error: Could not locate the first local maximum of the reduced return map.
0.730731	1.261261								error: Could not locate the first local maximum of the reduced return map.
0.734735	1.261261								error: Could not locate the first local maximum of the reduced return map.
0.738739	1.261261								error: Could not locate the first local maximum of the reduced return map.
0.742743	1.261261								error: Could not locate the first local maximum of the reduced return map.
0.746747	1.261261								error: Could not locate the first local maximum of the reduced return map.
0.750751	1.261261								error: Could not locate the first local maximum of the reduced return map.
0.754755	1.261261								error: Could not locate the first local maximum of the reduced return map.
0.758759	1.261261								error: Could not locate the first local maximum of the reduced return map.
0.762763	1.261261								error: Could not locate the first local maximum of the reduced return map.
0.766767	1.261261								error: Could not locate the first local maximum of the reduced return map.
0.770771	1.261261								error: Could not locate the first local maximum of the reduced return map.
0.774775	1.261261								error: Could not locate the first local maximum of the reduced return map.
0.778779	1.261261								error: Could not locate the first local maximum of the reduced return map.
0.782783	1.261261								error: Could not locate the first local maximum of the reduced return map.
0.786787	1.261261								error: Could not locate the first local maximum of the reduced return map.
0.790791	1.261261								error: Could not locate the first local maximum of the reduced return map.
0.794795	1.261261								error: Could not locate the first local maximum of the reduced return map.
0.798799	1.261261								error: Could not locate the first local maximum of the reduced return map.
0.802803	1.261261								error: Could not locate the first local maximum of the reduced return map.
0.806807	1.261261								error: Could not locate the first local maximum of the reduced return map.
0.810811	1.261261								error: Could not locate the first local maximum of the reduced return map.
0.814815	1.261261								error: Could not locate the first local maximum of the reduced return map.
0.818819	1.261261								error: Could not locate the first local maximum of the reduced return map.
0.822823	1.261261								error: Could not locate the first local maximum of the reduced return map.
0.826827	1.261261								error: Could not locate the first local maximum of the reduced return map.
0.830831	1.261261								error: Could not locate the first local maximum of the reduced return map.
0.834835	1.261261								error: Could not locate the first local maximum of the reduced return map.
0.838839	1.261261								error: Could not locate the first local maximum of the reduced return map.
0.842843	1.261261								error: Could not locate the first local maximum of the reduced return map.
0.846847	1.261261								error: Could not locate the first local maximum of the reduced return map.
0.850851	1.261261								error: Could not locate the first local maximum of the reduced return map.
0.854855	1.261261								error: Could not locate the first local maximum of the reduced return map.
0.858859	1.261261								error: Could not locate the first local maximum of the reduced return map.
0.862863	1.261261								error: Could not locate the first local maximum of the reduced return map.
0.866867	1.261261								error: Could not locate the first local maximum of the reduced return map.
0.870871	1.261261								error: Could not locate the first local maximum of the reduced return map.
0.874875	1.261261								error: Could not locate the first local maximum of the reduced return map.
0.878879	1.261261								error: Could not locate the first local maximum of the reduced return map.
0.882883	1.261261								error: Could not locate the first local maximum of the reduced return map.
0.886887	1.261261								error: Could not locate the first local maximum of the reduced return map.
0.890891	1.261261								error: Could not locate the first local maximum of the reduced return map.
0.894895	1.261261								error: Could not locate the first local maximum of the reduced return map.
0.898899	1.261261								error: Could not locate the first local maximum of the reduced return map.
0.902903	1.261261								error: Could not locate the first local maximum of the reduced return map.
0.906907	1.261261								error: Could not locate the first local maximum of the reduced return map.
0.910911	1.261261								error: Could not locate the first local maximum of the reduced return map.
0.914915	1.261261								error: Could not locate the first local maximum of the reduced return map.
0.918919	1.261261								error: Could not locate the first local maximum of the reduced return map.
0.922923	1.261261								error: Could not locate the first local maximum of the reduced return map.
0.926927	1.261261								error: Could not locate the first local maximum of the reduced return map.
0.930931	1.261261								error: Could not locate the first local maximum of the reduced return map.
0.934935	1.261261								error: Could not locate the first local maximum of the reduced return map.
0.938939	1.261261								error: Could not locate the first local maximum of the reduced return map.
0.942943	1.261261								error: Could not locate the first local maximum of the reduced return map.
0.946947	1.261261								error: Could not locate the first local maximum of the reduced return map.
0.950951	1.261261								error: Could not locate the first local maximum of the reduced return map.
0.954955	1.261261								error: Could not locate the first local maximum of the reduced return map.
0.958959	1.261261								error: Could not locate the first local maximum of the reduced return map.
0.962963	1.261261								error: Could not locate the first local maximum of the reduced return map.
0.966967	1.261261								error: Could not locate the first local maximum of the reduced return map.
0.970971	1.261261								error: Could not locate the first local maximum of the reduced return map.
0.974975	1.261261								error: Could not locate the first local maximum of the reduced return map.
0.978979	1.261261								error: Could not locate the first local maximum of the reduced return map.
0.982983	1.261261								error: Could not locate the first local maximum of the reduced return map.
0.986987	1.261261								error: Could not locate the first local maximum of the reduced return map.
0.990991	1.261261								error: Could not locate the first local maximum of the reduced return map.
0.994995	1.261261								error: Could not locate the first local maximum of the reduced return map.
0.998999	1.261261								error: Could not locate the first local maximum of the reduced return map.
1.003003	1.261261								error: Could not locate the first local maximum of the reduced return map.
1.007007	1.261261								error: Could not locate the first local maximum of the reduced return map.
1.011011	1.261261								error: Could not locate the first local maximum of the reduced return map.
1.015015	1.261261								error: Could not locate the first local maximum of the reduced return map.
1.019019	1.261261								error: Could not locate the first local maximum of the reduced return map.
1.023023	1.261261								error: Could not locate the first local maximum of the reduced return map.
1.027027	1.261261								error: Could not locate the first local maximum of the reduced return map.
1.031031	1.261261								error: Could not locate the first local maximum of the reduced return map.
1.035035	1.261261								error: Could not locate the first local maximum of the reduced return map.
1.039039	1.261261								error: Could not locate the first local maximum of the reduced return map.
1.043043	1.261261								error: Could not locate the first local maximum of the reduced return map.
1.047047	1.261261								error: Could not locate the first local maximum of the reduced return map.
1.051051	1.261261								error: Could not locate the first local maximum of the reduced return map.
1.055055	1.261261								error: Could not locate the first local maximum of the reduced return map.
1.059059	1.261261								error: Could not locate the first local maximum of the reduced return map.
1.063063	1.261261								error: Could not locate the first local maximum of the reduced return map.
1.067067	1.261261								error: Could not locate the first local maximum of the reduced return map.
1.071071	1.261261								error: Could not locate the first local maximum of the reduced return map.
1.075075	1.261261								error: Could not locate the first local maximum of the reduced return map.
1.079079	1.261261								error: Could not locate the first local maximum of the reduced return map.
1.083083	1.261261								error: Could not locate the first local maximum of the reduced return map.
1.087087	1.261261								error: Could not locate the first local maximum of the reduced return map.
1.091091	1.261261								error: Could not locate the first local maximum of the reduced return map.
1.095095	1.261261								error: Could not locate the first local maximum of the reduced return map.
1.099099	1.261261								error: Could not locate the first local maximum of the reduced return map.
1.103103	1.261261								error: Could not locate the first local maximum of the reduced return map.
1.107107	1.261261								error: Could not locate the first local maximum of the reduced return map.
1.111111	1.261261								error: Could not locate the first local maximum of the reduced return map.
1.115115	1.261261								error: Could not locate the first local maximum of the reduced return map.
1.119119	1.261261								error: Could not locate the first local maximum of the reduced return map.
1.123123	1.261261								error: Could not locate the first local maximum of the reduced return map.
1.127127	1.261261								error: Could not locate the first local maximum of the reduced return map.
1.131131	1.261261								error: Could not locate the first local maximum of the reduced return map.
1.135135	1.261261								error: Could not locate the first local maximum of the reduced return map.
1.139139	1.261261								error: Could not locate the first local maximum of the reduced return map.
1.143143	1.261261								error: Could not locate the first local maximum of the reduced return map.
1.147147	1.261261								error: Could not locate the first local maximum of the reduced return map.
1.151151	1.261261								error: Could not locate the first local maximum of the reduced return map.
1.155155	1.261261								error: Could not locate the first local maximum of the reduced return map.
1.159159	1.261261								error: Could not locate the first local maximum of the reduced return map.
1.163163	1.261261								error: Could not locate the first local maximum of the reduced return map.
1.167167	1.261261								error: Could not locate the first local maximum of the reduced return map.
1.171171	1.261261								error: Could not locate the first local maximum of the reduced return map.
1.175175	1.261261								error: Could not locate the first local maximum of the reduced return map.
1.179179	1.261261								error: Could not locate the first local maximum of the reduced return map.
1.183183	1.261261								error: Could not locate the first local maximum of the reduced return map.
1.187187	1.261261								error: Could not locate the first local maximum of the reduced return map.
1.191191	1.261261								error: Could not locate the first local maximum of the reduced return map.
1.195195	1.261261								error: Could not locate the first local maximum of the reduced return map.
1.199199	1.261261								error: Could not locate the first local maximum of the reduced return map.
1.203203	1.261261								error: Could not locate the first local maximum of the reduced return map.
1.207207	1.261261								error: Could not locate the first local maximum of the reduced return map.
1.211211	1.261261								error: Could not locate the first local maximum of the reduced return map.
1.215215	1.261261								error: Could not locate the first local maximum of the reduced return map.
1.219219	1.261261								error: Could not locate the first local maximum of the reduced return map.
1.223223	1.261261								error: Could not locate the first local maximum of the reduced return map.
1.227227	1.261261								error: Could not locate the first local maximum of the reduced return map.
1.231231	1.261261								error: Could not locate the first local maximum of the reduced return map.
1.235235	1.261261								error: Could not locate the first local maximum of the reduced return map.
1.239239	1.261261								error: Could not locate the first local maximum of the reduced return map.
1.243243	1.261261								error: Could not locate the first local maximum of the reduced return map.
1.247247	1.261261								error: Could not locate the first local maximum of the reduced return map.
1.251251	1.261261								error: Could not locate the first local maximum of the reduced return map.
1.255255	1.261261								error: Could not locate the first local maximum of the reduced return map.
1.259259	1.261261								error: Could not locate the first local maximum of the reduced return map.
1.263263	1.261261								error: Could not locate the first local maximum of the reduced return map.
1.267267	1.261261								error: Could not locate the first local maximum of the reduced return map.
1.271271	1.261261								error: Could not locate the first local maximum of the reduced return map.
1.275275	1.261261								error: Could not locate the first local maximum of the reduced return map.
1.279279	1.261261								error: Could not locate the first local maximum of the reduced return map.
1.283283	1.261261								error: Could not locate the first local maximum of the reduced return map.
1.287287	1.261261								error: Could not locate the first local maximum of the reduced return map.
1.291291	1.261261								error: Could not locate the first local maximum of the reduced return map.
1.295295	1.261261								error: Could not locate the first local maximum of the reduced return map.
1.299299	1.261261								error: Could not locate the first local maximum of the reduced return map.
1.303303	1.261261								error: Could not locate the first local maximum of the reduced return map.
1.307307	1.261261								error: Could not locate the first local maximum of the reduced return map.
1.311311	1.261261								error: Could not locate the first local maximum of the reduced return map.
1.315315	1.261261								error: Could not locate the first local maximum of the reduced return map.
1.319319	1.261261								error: Could not locate the first local maximum of the reduced return map.
1.323323	1.261261								error: Could not locate the first local maximum of the reduced return map.
1.327327	1.261261								error: Could not locate the first local maximum of the reduced return map.
1.331331	1.261261								error: Could not locate the first local maximum of the reduced return map.
1.335335	1.261261								error: Could not locate the first local maximum of the reduced return map.
1.339339	1.261261								error: Could not locate the first local maximum of the reduced return map.
1.343343	1.261261								error: Could not locate the first local maximum of the reduced return map.
1.347347	1.261261								error: Could not locate the first local maximum of the reduced return map.
1.351351	1.261261								error: Could not locate the first local maximum of the reduced return map.
1.355355	1.261261								error: Could not locate the first local maximum of the reduced return map.
1.359359	1.261261								error: Could not locate the first local maximum of the reduced return map.
1.363363	1.261261								error: Could not locate the first local maximum of the reduced return map.
1.367367	1.261261								error: Could not locate the first local maximum of the reduced return map.
1.371371	1.261261								error: Could not locate the first local maximum of the reduced return map.
1.375375	1.261261								error: Could not locate the first local maximum of the reduced return map.
1.379379	1.261261								error: Could not locate the first local maximum of the reduced return map.
1.383383	1.261261								error: Could not locate the first local maximum of the reduced return map.
1.387387	1.261261								error: Could not locate the first local maximum of the reduced return map.
1.391391	1.261261								error: Could not locate the first local maximum of the reduced return map.
1.395395	1.261261								error: Could not locate the first local maximum of the reduced return map.
1.399399	1.261261								error: Could not locate the first local maximum of the reduced return map.
1.403403	1.261261								error: Could not locate the first local maximum of the reduced return map.
1.407407	1.261261								error: Could not locate the first local maximum of the reduced return map.
1.411411	1.261261								error: Could not locate the first local maximum of the reduced return map.
1.415415	1.261261								error: Could not locate the first local maximum of the reduced return map.
1.419419	1.261261								error: Could not locate the first local maximum of the reduced return map.
1.423423	1.261261								error: Could not locate the first local maximum of the reduced return map.
1.427427	1.261261								error: Could not locate the first local maximum of the reduced return map.
1.431431	1.261261								error: Could not locate the first local maximum of the reduced return map.
1.435435	1.261261								error: Could not locate the first local maximum of the reduced return map.
1.439439	1.261261								error: Could not locate the first local maximum of the reduced return map.
1.443443	1.261261								error: Could not locate the first local maximum of the reduced return map.
1.447447	1.261261								error: Could not locate the first local maximum of the reduced return map.
1.451451	1.261261								error: Could not locate the first local maximum of the reduced return map.
1.455455	1.261261								error: Could not locate the first local maximum of the reduced return map.
1.459459	1.261261								error: Could not locate the first local maximum of the reduced return map.
1.463463	1.261261								error: Could not locate the first local maximum of the reduced return map.
1.467467	1.261261								error: Could not locate the first local maximum of the reduced return map.
1.471471	1.261261								error: Could not locate the first local maximum of the reduced return map.
1.475475	1.261261								error: Could not locate the first local maximum of the reduced return map.
1.479479	1.261261								error: Could not locate the first local maximum of the reduced return map.
1.483483	1.261261								error: Could not locate the first local maximum of the reduced return map.
1.487487	1.261261								error: Could not locate the first local maximum of the reduced return map.
1.491491	1.261261								error: Could not locate the first local maximum of the reduced return map.
1.495495	1.261261								error: Could not locate the first local maximum of the reduced return map.
1.499499	1.261261								error: Could not locate the first local maximum of the reduced return map.
1.503504	1.261261								error: Could not locate the first local maximum of the reduced return map.
1.507508	1.261261								error: Could not locate the first local maximum of the reduced return map.
1.511512	1.261261								error: Could not locate the first local maximum of the reduced return map.
1.515516	1.261261								error: Could not locate the first local maximum of the reduced return map.
1.519520	1.261261								error: Could not locate the first local maximum of the reduced return map.
1.523524	1.261261								error: Could not locate the first local maximum of the reduced return map.
1.527528	1.261261								error: Could not locate the first local maximum of the reduced return map.
1.531532	1.261261								error: Could not locate the first local maximum of the reduced return map.
1.535536	1.261261								error: Could not locate the first local maximum of the reduced return map.
1.539540	1.261261								error: Could not locate the first local maximum of the reduced return map.
1.543544	1.261261								error: Could not locate the first local maximum of the reduced return map.
1.547548	1.261261								error: Could not locate the first local maximum of the reduced return map.
1.551552	1.261261								error: Could not locate the first local maximum of the reduced return map.
1.555556	1.261261								error: Could not locate the first local maximum of the reduced return map.
1.559560	1.261261								error: Could not locate the first local maximum of the reduced return map.
1.563564	1.261261								error: Could not locate the first local maximum of the reduced return map.
1.567568	1.261261								error: Could not locate the first local maximum of the reduced return map.
1.571572	1.261261								error: Could not locate the first local maximum of the reduced return map.
1.575576	1.261261								error: Could not locate the first local maximum of the reduced return map.
1.579580	1.261261								error: Could not locate the first local maximum of the reduced return map.
1.583584	1.261261								error: Could not locate the first local maximum of the reduced return map.
1.587588	1.261261								error: Could not locate the first local maximum of the reduced return map.
1.591592	1.261261								error: Could not locate the first local maximum of the reduced return map.
1.595596	1.261261								error: Could not locate the first local maximum of the reduced return map.
1.599600	1.261261								error: Could not locate the first local maximum of the reduced return map.
1.603604	1.261261								error: Could not locate the first local maximum of the reduced return map.
1.607608	1.261261								error: Could not locate the first local maximum of the reduced return map.
1.611612	1.261261								error: Could not locate the first local maximum of the reduced return map.
1.615616	1.261261								error: Could not locate the first local maximum of the reduced return map.
1.619620	1.261261								error: Could not locate the first local maximum of the reduced return map.
1.623624	1.261261								error: Could not locate the first local maximum of the reduced return map.
1.627628	1.261261								error: Could not locate the first local maximum of the reduced return map.
1.631632	1.261261								error: Could not locate the first local maximum of the reduced return map.
1.635636	1.261261								error: Could not locate the first local maximum of the reduced return map.
1.639640	1.261261								error: Could not locate the first local maximum of the reduced return map.
1.643644	1.261261								error: Could not locate the first local maximum of the reduced return map.
1.647648	1.261261								error: Could not locate the first local maximum of the reduced return map.
1.651652	1.261261								error: Could not locate the first local maximum of the reduced return map.
1.655656	1.261261								error: Could not locate the first local maximum of the reduced return map.
1.659660	1.261261								error: Could not locate the first local maximum of the reduced return map.
1.663664	1.261261								error: Could not locate the first local maximum of the reduced return map.
1.667668	1.261261								error: Could not locate the first local maximum of the reduced return map.
1.671672	1.261261								error: Could not locate the first local maximum of the reduced return map.
1.675676	1.261261								error: Could not locate the first local maximum of the reduced return map.
1.679680	1.261261								error: Could not locate the first local maximum of the reduced return map.
1.683684	1.261261								error: Could not locate the first local maximum of the reduced return map.
1.687688	1.261261								error: Could not locate the first local maximum of the reduced return map.
1.691692	1.261261								error: Could not locate the first local maximum of the reduced return map.
1.695696	1.261261								error: Could not locate the first local maximum of the reduced return map.
1.699700	1.261261								error: Could not locate the first local maximum of the reduced return map.
1.703704	1.261261								error: Could not locate the first local maximum of the reduced return map.
1.707708	1.261261								error: Could not locate the first local maximum of the reduced return map.
1.711712	1.261261								error: Could not locate the first local maximum of the reduced return map.
1.715716	1.261261								error: Could not locate the first local maximum of the reduced return map.
1.719720	1.261261								error: Could not locate the first local maximum of the reduced return map.
1.723724	1.261261								error: Could not locate the first local maximum of the reduced return map.
1.727728	1.261261								error: Could not locate the first local maximum of the reduced return map.
1.731732	1.261261								error: Could not locate the first local maximum of the reduced return map.
1.735736	1.261261								error: Could not locate the first local maximum of the reduced return map.
1.739740	1.261261								error: Could not locate the first local maximum of the reduced return map.
1.743744	1.261261								error: Could not locate the first local maximum of the reduced return map.
1.747748	1.261261								error: Could not locate the first local maximum of the reduced return map.
1.751752	1.261261								error: Could not locate the first local maximum of the reduced return map.
1.755756	1.261261								error: Could not locate the first local maximum of the reduced return map.
1.759760	1.261261								error: Could not locate the first local maximum of the reduced return map.
1.763764	1.261261								error: Could not locate the first local maximum of the reduced return map.
1.767768	1.261261								error: Could not locate the first local maximum of the reduced return map.
1.771772	1.261261								error: Could not locate the first local maximum of the reduced return map.
1.775776	1.261261								error: Could not locate the first local maximum of the reduced return map.
1.779780	1.261261								error: Could not locate the first local maximum of the reduced return map.
1.783784	1.261261								error: Could not locate the first local maximum of the reduced return map.
1.787788	1.261261								error: Could not locate the first local maximum of the reduced return map.
1.791792	1.261261								error: Could not locate the first local maximum of the reduced return map.
1.795796	1.261261								error: Could not locate the first local maximum of the reduced return map.
1.799800	1.261261								error: Could not locate the first local maximum of the reduced return map.
1.803804	1.261261								error: Could not locate the first local maximum of the reduced return map.
1.807808	1.261261								error: Could not locate the first local maximum of the reduced return map.
1.811812	1.261261								error: Could not locate the first local maximum of the reduced return map.
1.815816	1.261261								error: Could not locate the first local maximum of the reduced return map.
1.819820	1.261261								error: Could not locate the first local maximum of the reduced return map.
1.823824	1.261261								error: Could not locate the first local maximum of the reduced return map.
1.827828	1.261261								error: Could not locate the first local maximum of the reduced return map.
1.831832	1.261261								error: Could not locate the first local maximum of the reduced return map.
1.835836	1.261261								error: Could not locate the first local maximum of the reduced return map.
1.839840	1.261261								error: Could not locate the first local maximum of the reduced return map.
1.843844	1.261261								error: Could not locate the first local maximum of the reduced return map.
1.847848	1.261261								error: Could not locate the first local maximum of the reduced return map.
1.851852	1.261261								error: Could not locate the first local maximum of the reduced return map.
1.855856	1.261261								error: Could not locate the first local maximum of the reduced return map.
1.859860	1.261261								error: Could not locate the first local maximum of the reduced return map.
1.863864	1.261261								error: Could not locate the first local maximum of the reduced return map.
1.867868	1.261261								error: Could not locate the first local maximum of the reduced return map.
1.871872	1.261261								error: Could not locate the first local maximum of the reduced return map.
1.875876	1.261261								error: Could not locate the first local maximum of the reduced return map.
1.879880	1.261261								error: Could not locate the first local maximum of the reduced return map.
1.883884	1.261261								error: Could not locate the first local maximum of the reduced return map.
1.887888	1.261261								error: Could not locate the first local maximum of the reduced return map.
1.891892	1.261261								error: Could not locate the first local maximum of the reduced return map.
1.895896	1.261261								error: Could not locate the first local maximum of the reduced return map.
1.899900	1.261261								error: Could not locate the first local maximum of the reduced return map.
1.903904	1.261261								error: Could not locate the first local maximum of the reduced return map.
1.907908	1.261261								error: Could not locate the first local maximum of the reduced return map.
1.911912	1.261261								error: Could not locate the first local maximum of the reduced return map.
1.915916	1.261261								error: Could not locate the first local maximum of the reduced return map.
1.919920	1.261261								error: Could not locate the first local maximum of the reduced return map.
1.923924	1.261261								error: Could not locate the first local maximum of the reduced return map.
1.927928	1.261261								error: Could not locate the first local maximum of the reduced return map.
1.931932	1.261261								error: Could not locate the first local maximum of the reduced return map.
1.935936	1.261261								error: Could not locate the first local maximum of the reduced return map.
1.939940	1.261261								error: Could not locate the first local maximum of the reduced return map.
1.943944	1.261261								error: Could not locate the first local maximum of the reduced return map.
1.947948	1.261261								error: Could not locate the first local maximum of the reduced return map.
1.951952	1.261261								error: Could not locate the first local maximum of the reduced return map.
1.955956	1.261261								error: Could not locate the first local maximum of the reduced return map.
1.959960	1.261261								error: Could not locate the first local maximum of the reduced return map.
1.963964	1.261261								error: Could not locate the first local maximum of the reduced return map.
1.967968	1.261261								error: Could not locate the first local maximum of the reduced return map.
1.971972	1.261261								error: Could not locate the first local maximum of the reduced return map.
1.975976	1.261261								error: Could not locate the first local maximum of the reduced return map.
1.979980	1.261261								error: Could not locate the first local maximum of the reduced return map.
1.983984	1.261261								error: Could not locate the first local maximum of the reduced return map.
1.987988	1.261261								error: Could not locate the first local maximum of the reduced return map.
1.991992	1.261261								error: Could not locate the first local maximum of the reduced return map.
1.995996	1.261261								error: Could not locate the first local maximum of the reduced return map.
2.000000	1.261261								error: Could not locate the first local maximum of the reduced return map.
